<?xml version='1.0' encoding='UTF-8' ?>
<itpanim>
	<skeleton count='4'>
		<joint id='0' name='Root' parent='-1'>
			<mat>1,-0,0,0,0,1,0,-1.33279,-0,-0,1,-0,0,0,0,1</mat>
		</joint>
		<joint id='1' name='Back' parent='0'>
			<mat>1,-0,0,0,0,1,0,-2.66554,-0,-0,1,-0,0,0,0,1</mat>
		</joint>
		<joint id='2' name='Head' parent='1'>
			<mat>1,-0,0,0,0,1,0,-4,-0,-0,1,-0,0,0,0,1</mat>
		</joint>
		<joint id='3' name='Legs' parent='0'>
			<mat>1,-0,0,0,0,1,0,0,-0,-0,1,-0,0,0,0,1</mat>
		</joint>
	</skeleton>
	<animations>
		<animation name='Take 001' length='31'>
			<track id = '0' name='Root'>
				<frame num='-1'>
					<mat>1,-0,0,0,0,1,0,1.33279,-0,-0,1,-0,0,0,0,1</mat>
				</frame>
				<frame num='0'>
					<mat>1,-0,0,0,0,1,0,1.33279,-0,-0,1,-0,0,0,0,1</mat>
				</frame>
				<frame num='1'>
					<mat>1,-0,0,0,0,1,0,1.33279,-0,-0,1,-0,0,0,0,1</mat>
				</frame>
				<frame num='2'>
					<mat>1,-0,0,0,0,1,0,1.33279,-0,-0,1,-0,0,0,0,1</mat>
				</frame>
				<frame num='3'>
					<mat>1,-0,0,0,0,1,0,1.33279,-0,-0,1,-0,0,0,0,1</mat>
				</frame>
				<frame num='4'>
					<mat>1,-0,0,0,0,1,0,1.33279,-0,-0,1,-0,0,0,0,1</mat>
				</frame>
				<frame num='5'>
					<mat>1,-0,0,0,0,1,0,1.33279,-0,-0,1,-0,0,0,0,1</mat>
				</frame>
				<frame num='6'>
					<mat>1,-0,0,0,0,1,0,1.33279,-0,-0,1,-0,0,0,0,1</mat>
				</frame>
				<frame num='7'>
					<mat>1,-0,0,0,0,1,0,1.33279,-0,-0,1,-0,0,0,0,1</mat>
				</frame>
				<frame num='8'>
					<mat>1,-0,0,0,0,1,0,1.33279,-0,-0,1,-0,0,0,0,1</mat>
				</frame>
				<frame num='9'>
					<mat>1,-0,0,0,0,1,0,1.33279,-0,-0,1,-0,0,0,0,1</mat>
				</frame>
				<frame num='10'>
					<mat>1,-0,0,0,0,1,0,1.33279,-0,-0,1,-0,0,0,0,1</mat>
				</frame>
				<frame num='11'>
					<mat>1,-0,0,0,0,1,0,1.33279,-0,-0,1,-0,0,0,0,1</mat>
				</frame>
				<frame num='12'>
					<mat>1,-0,0,0,0,1,0,1.33279,-0,-0,1,-0,0,0,0,1</mat>
				</frame>
				<frame num='13'>
					<mat>1,-0,0,0,0,1,0,1.33279,-0,-0,1,-0,0,0,0,1</mat>
				</frame>
				<frame num='14'>
					<mat>1,-0,0,0,0,1,0,1.33279,-0,-0,1,-0,0,0,0,1</mat>
				</frame>
				<frame num='15'>
					<mat>1,-0,0,0,0,1,0,1.33279,-0,-0,1,-0,0,0,0,1</mat>
				</frame>
				<frame num='16'>
					<mat>1,-0,0,0,0,1,0,1.33279,-0,-0,1,-0,0,0,0,1</mat>
				</frame>
				<frame num='17'>
					<mat>1,-0,0,0,0,1,0,1.33279,-0,-0,1,-0,0,0,0,1</mat>
				</frame>
				<frame num='18'>
					<mat>1,-0,0,0,0,1,0,1.33279,-0,-0,1,-0,0,0,0,1</mat>
				</frame>
				<frame num='19'>
					<mat>1,-0,0,0,0,1,0,1.33279,-0,-0,1,-0,0,0,0,1</mat>
				</frame>
				<frame num='20'>
					<mat>1,-0,0,0,0,1,0,1.33279,-0,-0,1,-0,0,0,0,1</mat>
				</frame>
				<frame num='21'>
					<mat>1,-0,0,0,0,1,0,1.33279,-0,-0,1,-0,0,0,0,1</mat>
				</frame>
				<frame num='22'>
					<mat>1,-0,0,0,0,1,0,1.33279,-0,-0,1,-0,0,0,0,1</mat>
				</frame>
				<frame num='23'>
					<mat>1,-0,0,0,0,1,0,1.33279,-0,-0,1,-0,0,0,0,1</mat>
				</frame>
				<frame num='24'>
					<mat>1,-0,0,0,0,1,0,1.33279,-0,-0,1,-0,0,0,0,1</mat>
				</frame>
				<frame num='25'>
					<mat>1,-0,0,0,0,1,0,1.33279,-0,-0,1,-0,0,0,0,1</mat>
				</frame>
				<frame num='26'>
					<mat>1,-0,0,0,0,1,0,1.33279,-0,-0,1,-0,0,0,0,1</mat>
				</frame>
				<frame num='27'>
					<mat>1,-0,0,0,0,1,0,1.33279,-0,-0,1,-0,0,0,0,1</mat>
				</frame>
				<frame num='28'>
					<mat>1,-0,0,0,0,1,0,1.33279,-0,-0,1,-0,0,0,0,1</mat>
				</frame>
				<frame num='29'>
					<mat>1,-0,0,0,0,1,0,1.33279,-0,-0,1,-0,0,0,0,1</mat>
				</frame>
			</track>
			<track id = '1' name='Back'>
				<frame num='-1'>
					<mat>1,-0,0,0,0,1,0,2.66554,-0,-0,1,-0,0,0,0,1</mat>
				</frame>
				<frame num='0'>
					<mat>1,-0,0,0,0,1,0,2.66554,-0,-0,1,-0,0,0,0,1</mat>
				</frame>
				<frame num='1'>
					<mat>1,-0,0,0,0,0.999971,0.00758176,2.66554,-0,-0.00758176,0.999971,-0,0,0,0,1</mat>
				</frame>
				<frame num='2'>
					<mat>1,-0,0,0,0,0.999582,0.0289127,2.66554,-0,-0.0289127,0.999582,-0,0,0,0,1</mat>
				</frame>
				<frame num='3'>
					<mat>1,-0,0,0,0,0.998085,0.0618494,2.66554,-0,-0.0618494,0.998085,-0,0,0,0,1</mat>
				</frame>
				<frame num='4'>
					<mat>1,-0,0,0,0,0.994557,0.104193,2.66554,-0,-0.104193,0.994557,-0,0,0,0,1</mat>
				</frame>
				<frame num='5'>
					<mat>1,-0,0,0,0,0.988122,0.15367,2.66554,-0,-0.15367,0.988122,-0,0,0,0,1</mat>
				</frame>
				<frame num='6'>
					<mat>1,-0,0,0,0,0.978141,0.207942,2.66554,-0,-0.207942,0.978141,-0,0,0,0,1</mat>
				</frame>
				<frame num='7'>
					<mat>1,-0,0,0,0,0.964347,0.264642,2.66554,-0,-0.264642,0.964347,-0,0,0,0,1</mat>
				</frame>
				<frame num='8'>
					<mat>1,-0,0,0,0,0.946929,0.321443,2.66554,-0,-0.321443,0.946929,-0,0,0,0,1</mat>
				</frame>
				<frame num='9'>
					<mat>1,-0,0,0,0,0.926567,0.37613,2.66554,-0,-0.37613,0.926567,-0,0,0,0,1</mat>
				</frame>
				<frame num='10'>
					<mat>1,-0,0,0,0,0.904409,0.426667,2.66554,-0,-0.426667,0.904409,-0,0,0,0,1</mat>
				</frame>
				<frame num='11'>
					<mat>1,-0,0,0,0,0.882002,0.471247,2.66554,-0,-0.471247,0.882002,-0,0,0,0,1</mat>
				</frame>
				<frame num='12'>
					<mat>1,-0,0,0,0,0.861186,0.508289,2.66554,-0,-0.508289,0.861186,-0,0,0,0,1</mat>
				</frame>
				<frame num='13'>
					<mat>1,-0,0,0,0,0.843962,0.536403,2.66554,-0,-0.536403,0.843962,-0,0,0,0,1</mat>
				</frame>
				<frame num='14'>
					<mat>1,-0,0,0,0,0.832327,0.554285,2.66554,-0,-0.554285,0.832327,-0,0,0,0,1</mat>
				</frame>
				<frame num='15'>
					<mat>1,-0,0,0,0,0.8281,0.56058,2.66554,-0,-0.56058,0.8281,-0,0,0,0,1</mat>
				</frame>
				<frame num='16'>
					<mat>1,-0,0,0,0,0.832932,0.553375,2.66554,-0,-0.553375,0.832932,-0,0,0,0,1</mat>
				</frame>
				<frame num='17'>
					<mat>1,-0,0,0,0,0.846126,0.532983,2.66554,-0,-0.532983,0.846126,-0,0,0,0,1</mat>
				</frame>
				<frame num='18'>
					<mat>1,-0,0,0,0,0.865414,0.501058,2.66554,-0,-0.501058,0.865414,-0,0,0,0,1</mat>
				</frame>
				<frame num='19'>
					<mat>1,-0,0,0,0,0.888326,0.459214,2.66554,-0,-0.459214,0.888326,-0,0,0,0,1</mat>
				</frame>
				<frame num='20'>
					<mat>1,-0,0,0,0,0.912439,0.409213,2.66554,-0,-0.409213,0.912439,-0,0,0,0,1</mat>
				</frame>
				<frame num='21'>
					<mat>1,-0,0,0,0,0.935591,0.353087,2.66554,-0,-0.353087,0.935591,-0,0,0,0,1</mat>
				</frame>
				<frame num='22'>
					<mat>1,-0,0,0,0,0.95606,0.293172,2.66554,-0,-0.293172,0.95606,-0,0,0,0,1</mat>
				</frame>
				<frame num='23'>
					<mat>1,-0,0,0,0,0.972696,0.232082,2.66554,-0,-0.232082,0.972696,-0,0,0,0,1</mat>
				</frame>
				<frame num='24'>
					<mat>1,-0,0,0,0,0.984988,0.172625,2.66554,-0,-0.172625,0.984988,-0,0,0,0,1</mat>
				</frame>
				<frame num='25'>
					<mat>1,-0,0,0,0,0.993049,0.117703,2.66554,-0,-0.117703,0.993049,-0,0,0,0,1</mat>
				</frame>
				<frame num='26'>
					<mat>1,-0,0,0,0,0.997532,0.0702075,2.66554,-0,-0.0702075,0.997532,-0,0,0,0,1</mat>
				</frame>
				<frame num='27'>
					<mat>1,-0,0,0,0,0.999457,0.032958,2.66554,-0,-0.032958,0.999457,-0,0,0,0,1</mat>
				</frame>
				<frame num='28'>
					<mat>1,-0,0,0,0,0.999962,0.00867462,2.66554,-0,-0.00867462,0.999962,-0,0,0,0,1</mat>
				</frame>
				<frame num='29'>
					<mat>1,-0,0,0,0,1,0,2.66554,-0,-0,1,-0,0,0,0,1</mat>
				</frame>
			</track>
			<track id = '2' name='Head'>
				<frame num='-1'>
					<mat>1,-0,0,0,0,1,0,4,-0,-0,1,-0,0,0,0,1</mat>
				</frame>
				<frame num='0'>
					<mat>1,-0,0,0,0,1,0,4,-0,-0,1,-0,0,0,0,1</mat>
				</frame>
				<frame num='1'>
					<mat>1,0,0,0,0,0.999373,-0.0354196,3.99996,-0,0.0354196,0.999373,-0.0101175,0,0,0,1</mat>
				</frame>
				<frame num='2'>
					<mat>1,0,0,0,0,0.992614,-0.121315,3.99944,-0,0.121315,0.992614,-0.0385828,0,0,0,1</mat>
				</frame>
				<frame num='3'>
					<mat>1,0,0,0,0,0.974025,-0.22644,3.99745,-0,0.22644,0.974025,-0.0825353,0,0,0,1</mat>
				</frame>
				<frame num='4'>
					<mat>1,0,0,0,0,0.947425,-0.319978,3.99274,-0,0.319978,0.947425,-0.139041,0,0,0,1</mat>
				</frame>
				<frame num='5'>
					<mat>1,0,0,0,0,0.927425,-0.37401,3.98415,-0,0.37401,0.927425,-0.205066,0,0,0,1</mat>
				</frame>
				<frame num='6'>
					<mat>1,0,0,0,0,0.931911,-0.362687,3.97083,-0,0.362687,0.931911,-0.277489,0,0,0,1</mat>
				</frame>
				<frame num='7'>
					<mat>1,0,0,0,0,0.956066,-0.293152,3.95242,-0,0.293152,0.956066,-0.353153,0,0,0,1</mat>
				</frame>
				<frame num='8'>
					<mat>1,0,0,0,0,0.980978,-0.194121,3.92918,-0,0.194121,0.980978,-0.428952,0,0,0,1</mat>
				</frame>
				<frame num='9'>
					<mat>1,0,0,0,0,0.997455,-0.0713015,3.90201,-0,0.0713015,0.997455,-0.501928,0,0,0,1</mat>
				</frame>
				<frame num='10'>
					<mat>1,-0,0,0,0,0.997704,0.0677291,3.87244,-0,-0.0677291,0.997704,-0.569368,0,0,0,1</mat>
				</frame>
				<frame num='11'>
					<mat>1,-0,0,0,0,0.976897,0.213711,3.84254,-0,-0.213711,0.976897,-0.628858,0,0,0,1</mat>
				</frame>
				<frame num='12'>
					<mat>1,-0,0,0,0,0.934225,0.356685,3.81476,-0,-0.356685,0.934225,-0.678289,0,0,0,1</mat>
				</frame>
				<frame num='13'>
					<mat>1,-0,0,0,0,0.873174,0.487408,3.79177,-0,-0.487408,0.873174,-0.715806,0,0,0,1</mat>
				</frame>
				<frame num='14'>
					<mat>1,-0,0,0,0,0.800969,0.598706,3.77625,-0,-0.598706,0.800969,-0.739669,0,0,0,1</mat>
				</frame>
				<frame num='15'>
					<mat>1,-0,0,0,0,0.727368,0.686247,3.77061,-0,-0.686247,0.727368,-0.748069,0,0,0,1</mat>
				</frame>
				<frame num='16'>
					<mat>1,-0,0,0,0,0.663481,0.748193,3.77706,-0,-0.748193,0.663481,-0.738455,0,0,0,1</mat>
				</frame>
				<frame num='17'>
					<mat>1,-0,0,0,0,0.617686,0.786425,3.79466,-0,-0.786425,0.617686,-0.711242,0,0,0,1</mat>
				</frame>
				<frame num='18'>
					<mat>1,-0,0,0,0,0.595157,0.80361,3.8204,-0,-0.80361,0.595157,-0.66864,0,0,0,1</mat>
				</frame>
				<frame num='19'>
					<mat>1,-0,0,0,0,0.599144,0.800641,3.85098,-0,-0.800641,0.599144,-0.6128,0,0,0,1</mat>
				</frame>
				<frame num='20'>
					<mat>1,-0,0,0,0,0.630879,0.775882,3.88315,-0,-0.775882,0.630879,-0.546077,0,0,0,1</mat>
				</frame>
				<frame num='21'>
					<mat>1,-0,0,0,0,0.688491,0.725245,3.91405,-0,-0.725245,0.688491,-0.471179,0,0,0,1</mat>
				</frame>
				<frame num='22'>
					<mat>1,-0,0,0,0,0.76149,0.648177,3.94136,-0,-0.648177,0.76149,-0.391225,0,0,0,1</mat>
				</frame>
				<frame num='23'>
					<mat>1,-0,0,0,0,0.836579,0.547846,3.96356,-0,-0.547846,0.836579,-0.309703,0,0,0,1</mat>
				</frame>
				<frame num='24'>
					<mat>1,-0,0,0,0,0.902408,0.430883,3.97997,-0,-0.430883,0.902408,-0.230361,0,0,0,1</mat>
				</frame>
				<frame num='25'>
					<mat>1,-0,0,0,0,0.951562,0.307457,3.99072,-0,-0.307457,0.951562,-0.157069,0,0,0,1</mat>
				</frame>
				<frame num='26'>
					<mat>1,-0,0,0,0,0.981774,0.190052,3.99671,-0,-0.190052,0.981774,-0.0936887,0,0,0,1</mat>
				</frame>
				<frame num='27'>
					<mat>1,-0,0,0,0,0.995786,0.0917098,3.99927,-0,-0.0917098,0.995786,-0.043981,0,0,0,1</mat>
				</frame>
				<frame num='28'>
					<mat>1,-0,0,0,0,0.999696,0.0246708,3.99995,-0,-0.0246708,0.999696,-0.0115759,0,0,0,1</mat>
				</frame>
				<frame num='29'>
					<mat>1,-0,0,0,0,1,0,4,-0,-0,1,-0,0,0,0,1</mat>
				</frame>
			</track>
			<track id = '3' name='Legs'>
				<frame num='-1'>
					<mat>1,-0,0,0,0,1,0,0,-0,-0,1,-0,0,0,0,1</mat>
				</frame>
				<frame num='0'>
					<mat>1,-0,0,0,0,1,0,0,-0,-0,1,-0,0,0,0,1</mat>
				</frame>
				<frame num='1'>
					<mat>1,-0,0,0,0,1,0,0,-0,-0,1,-0,0,0,0,1</mat>
				</frame>
				<frame num='2'>
					<mat>1,-0,0,0,0,1,0,0,-0,-0,1,-0,0,0,0,1</mat>
				</frame>
				<frame num='3'>
					<mat>1,-0,0,0,0,1,0,0,-0,-0,1,-0,0,0,0,1</mat>
				</frame>
				<frame num='4'>
					<mat>1,-0,0,0,0,1,0,0,-0,-0,1,-0,0,0,0,1</mat>
				</frame>
				<frame num='5'>
					<mat>1,-0,0,0,0,1,0,0,-0,-0,1,-0,0,0,0,1</mat>
				</frame>
				<frame num='6'>
					<mat>1,-0,0,0,0,1,0,0,-0,-0,1,-0,0,0,0,1</mat>
				</frame>
				<frame num='7'>
					<mat>1,-0,0,0,0,1,0,0,-0,-0,1,-0,0,0,0,1</mat>
				</frame>
				<frame num='8'>
					<mat>1,-0,0,0,0,1,0,0,-0,-0,1,-0,0,0,0,1</mat>
				</frame>
				<frame num='9'>
					<mat>1,-0,0,0,0,1,0,0,-0,-0,1,-0,0,0,0,1</mat>
				</frame>
				<frame num='10'>
					<mat>1,-0,0,0,0,1,0,0,-0,-0,1,-0,0,0,0,1</mat>
				</frame>
				<frame num='11'>
					<mat>1,-0,0,0,0,1,0,0,-0,-0,1,-0,0,0,0,1</mat>
				</frame>
				<frame num='12'>
					<mat>1,-0,0,0,0,1,0,0,-0,-0,1,-0,0,0,0,1</mat>
				</frame>
				<frame num='13'>
					<mat>1,-0,0,0,0,1,0,0,-0,-0,1,-0,0,0,0,1</mat>
				</frame>
				<frame num='14'>
					<mat>1,-0,0,0,0,1,0,0,-0,-0,1,-0,0,0,0,1</mat>
				</frame>
				<frame num='15'>
					<mat>1,-0,0,0,0,1,0,0,-0,-0,1,-0,0,0,0,1</mat>
				</frame>
				<frame num='16'>
					<mat>1,-0,0,0,0,1,0,0,-0,-0,1,-0,0,0,0,1</mat>
				</frame>
				<frame num='17'>
					<mat>1,-0,0,0,0,1,0,0,-0,-0,1,-0,0,0,0,1</mat>
				</frame>
				<frame num='18'>
					<mat>1,-0,0,0,0,1,0,0,-0,-0,1,-0,0,0,0,1</mat>
				</frame>
				<frame num='19'>
					<mat>1,-0,0,0,0,1,0,0,-0,-0,1,-0,0,0,0,1</mat>
				</frame>
				<frame num='20'>
					<mat>1,-0,0,0,0,1,0,0,-0,-0,1,-0,0,0,0,1</mat>
				</frame>
				<frame num='21'>
					<mat>1,-0,0,0,0,1,0,0,-0,-0,1,-0,0,0,0,1</mat>
				</frame>
				<frame num='22'>
					<mat>1,-0,0,0,0,1,0,0,-0,-0,1,-0,0,0,0,1</mat>
				</frame>
				<frame num='23'>
					<mat>1,-0,0,0,0,1,0,0,-0,-0,1,-0,0,0,0,1</mat>
				</frame>
				<frame num='24'>
					<mat>1,-0,0,0,0,1,0,0,-0,-0,1,-0,0,0,0,1</mat>
				</frame>
				<frame num='25'>
					<mat>1,-0,0,0,0,1,0,0,-0,-0,1,-0,0,0,0,1</mat>
				</frame>
				<frame num='26'>
					<mat>1,-0,0,0,0,1,0,0,-0,-0,1,-0,0,0,0,1</mat>
				</frame>
				<frame num='27'>
					<mat>1,-0,0,0,0,1,0,0,-0,-0,1,-0,0,0,0,1</mat>
				</frame>
				<frame num='28'>
					<mat>1,-0,0,0,0,1,0,0,-0,-0,1,-0,0,0,0,1</mat>
				</frame>
				<frame num='29'>
					<mat>1,-0,0,0,0,1,0,0,-0,-0,1,-0,0,0,0,1</mat>
				</frame>
			</track>
		</animation>
</animations>
</itpanim>